gen: 0
fit: [ 14.  14.  14.  14.  14.  14.  14.  14.]
------------
gen: 1
fit: [ 14.  14.  14.  14.  14.  14.  14.  14.]
------------
gen: 2
fit: [ 14.  14.  14.  14.  14.  14.  14.  14.]
------------
gen: 3
fit: [ 14.  14.  14.  14.  14.  14.  14.  14.]
------------
gen: 4
fit: [ 14.  14.  14.  14.  14.  14.  14.  14.]
------------
gen: 5
fit: [ 14.  14.  14.  14.  14.  14.  14.  14.]
------------
gen: 6
fit: [ 14.  14.  14.  14.  14.  14.  14.  14.]
------------
gen: 7
fit: [ 14.  14.  14.  14.  14.  14.  14.  14.]
------------
gen: 8
fit: [ 14.  14.  14.  14.  14.  14.  14.  14.]
------------
gen: 9
fit: [ 14.  14.  14.  14.  14.  14.  14.  14.]
------------
gen: 10
fit: [ 14.  14.  14.  14.  14.  14.  14.  14.]
------------
gen: 11
fit: [ 14.  14.  14.  14.  14.  14.  14.  14.]
------------
gen: 12
fit: [ 14.  14.  14.  14.  14.  14.  14.  14.]
------------
gen: 13
fit: [ 14.  14.  14.  14.  14.  14.  14.  14.]
------------
gen: 14
fit: [ 14.  14.  14.  14.  14.  14.  14.  14.]
------------
gen: 15
fit: [ 14.  14.  14.  14.  14.  14.  14.  14.]
------------
gen: 16
fit: [ 14.  14.  14.  14.  14.  14.  14.  14.]
------------
gen: 17
fit: [ 14.  14.  14.  14.  14.  14.  14.  14.]
------------
gen: 18
fit: [ 14.  14.  14.  14.  14.  14.  14.  14.]
------------
